Mobile_Name     Flipkart Price	Amazon Price	Ebay Price    MyntraPrice	
Iphone_Xr 60000 59500 61000 62000	
Samsung_M30 13500 13000	 12500 13500	
Redmi_Y3 8340 8490 8500 7999	
Redmi_7A 6000 5999 5880 6500	
Realme_U1 8900 9000 8890 9000	
Xiomi_A3 8790 7869 5678 9000	
Coolpad_3 5678 5699 5500 6000	
One_plus_7T 37999 37000 35000 38000
Chair 520 450 820 750
Table 890 910 1000 850
Sofa 15000 14500 15620 14000
Single_Bed 2500	3000 1520 2568
Double_bed 7520 5620 8520 5820
Stool 250 120 420 125
Almirah	32510 30000 29500 29999
Rack 750 850 799 850
Sugar 30 29 28 25
Tea 20 21 22 20.5
Rice 30 31 35 28
wheat 45 45 44 43
Rajma 56 59 60 61
Tomato 25 24 22 25
Onion 35 34 36 36
Novel 452 500 500 499
Science	470 495	501 499
Adventure 488 490 502 499
Action 506 485 503 499
Scify 524 480 504 499
Romance 542 475	505 499
Fiction	560 470	506 499
Text_Book 578 465 507 499
Refrigirator 10000 9999	8562 8500
AC 15000 14000 13000 12000
Fan 1520 1452 1523 1456
Cooler 4520 5200 4899 4100
LED 250	255 210	200
Tubelight 450 489 499 485
Washing_Machine	4520 5000 4580 5250
RO 2500	4200 1999 2400
	